348,20180320,    9,   20,   70,   70,  100,   51,     ,  -18,   10,  144,    0,    0,10215,   74,     ,   61,     ,    5,    0,    0,    0,    0,    0
348,20180320,   10,   10,   70,   70,  110,   55,     ,  -16,   10,  191,    0,    0,10225,   80,     ,   60,     ,    5,    0,    0,    0,    0,    0
348,20180320,   11,   10,   80,   80,  120,   63,     ,  -11,   10,  223,    0,    0,10232,   80,     ,   59,     ,    5,    0,    0,    0,    0,    0
348,20180320,   12,   10,   80,   80,  130,   72,   16,  -18,   10,  237,    0,    0,10238,   80,     ,   52,     ,    5,    0,    0,    0,    0,    0
348,20180320,   13,   10,   90,   90,  130,   71,     ,  -37,   10,  234,    0,    0,10245,   80,     ,   46,     ,    5,    0,    0,    0,    0,    0
348,20180320,   14,  360,   90,  100,  140,   69,     ,  -33,   10,  212,    0,    0,10248,   78,     ,   47,     ,    5,    0,    0,    0,    0,    0
348,20180320,   15,   10,   90,   80,  130,   69,     ,  -26,   10,  173,    0,    0,10254,   81,     ,   50,     ,    5,    0,    0,    0,    0,    0
348,20180320,   16,   10,   80,   80,  120,   65,     ,  -36,   10,  122,    0,    0,10259,   82,     ,   48,     ,    5,    0,    0,    0,    0,    0
348,20180320,   17,   10,   80,   80,  110,   55,     ,  -44,   10,   62,    0,    0,10267,   82,     ,   48,     ,    5,    0,    0,    0,    0,    0
348,20180320,   18,  360,   50,   30,  100,   24,   11,  -35,    3,    6,    0,    0,10274,   80,     ,   65,     ,    5,    0,    0,    0,    0,    0
348,20180320,   19,  340,   30,   30,   40,   14,     ,  -34,    0,    0,    0,    0,10281,   75,     ,   70,     ,    5,    0,    0,    0,    0,    0
348,20180320,   20,  340,   30,   30,   40,    1,     ,  -19,    0,    0,    0,    0,10288,   64,     ,   86,     ,    5,    0,    0,    0,    0,    0
348,20180320,   21,  340,   40,   30,   50,    5,     ,   -2,    0,    0,    0,    0,10294,   57,     ,   95,   10,    7,    0,    0,    0,    0,    0
348,20180320,   22,  340,   30,   30,   40,   -2,     ,   -6,    0,    0,    0,    0,10294,   56,     ,   97,   10,    7,    0,    0,    0,    0,    0
348,20180320,   23,  340,   20,   20,   30,  -11,     ,  -13,    0,    0,    0,    0,10298,   46,     ,   98,   10,    7,    0,    0,    0,    0,    0
348,20180320,   24,  340,   20,   20,   30,  -14,  -41,  -17,    0,    0,    0,    0,10298,   50,     ,   98,   10,    7,    0,    0,    0,    0,    0
348,20180321,    1,  320,   30,   20,   40,    0,     ,   -3,    0,    0,    0,    0,10301,   57,     ,   97,   10,    7,    0,    0,    0,    0,    0
348,20180321,    2,  320,   20,   10,   30,  -14,     ,  -18,    0,    0,    0,    0,10301,   24,     ,   97,   10,    7,    0,    0,    0,    0,    0
348,20180321,    3,  280,   10,   20,   20,  -27,     ,  -28,    0,    0,    0,    0,10300,    1,     ,   99,   35,    7,    1,    0,    0,    0,    1
348,20180321,    4,  280,   10,   10,   20,  -34,     ,  -36,    0,    0,    0,    0,10300,    1,     ,   98,   35,    7,    1,    0,    0,    0,    1
348,20180321,    5,  290,   10,   10,   20,  -35,     ,  -37,    0,    0,    0,    0,10298,    1,     ,   98,   35,    7,    1,    0,    0,    0,    1
348,20180321,    6,  270,   10,   10,   20,  -33,  -62,  -33,    0,    1,    0,    0,10301,    1,     ,   99,   35,    7,    1,    0,    0,    0,    1
348,20180321,    7,  260,   10,   10,   10,  -19,     ,  -21,    7,   28,    0,    0,10303,    2,     ,   98,   35,    7,    1,    0,    0,    0,    1
348,20180321,    8,  270,   10,   20,   30,   27,     ,   21,   10,   90,    0,    0,10306,   58,     ,   96,   20,    7,    1,    0,    0,    0,    1
348,20180321,    9,  270,   20,   20,   30,   50,     ,   10,   10,  143,    0,    0,10305,   67,     ,   75,    0,    7,    0,    0,    0,    0,    0
348,20180321,   10,  280,   30,   30,   50,   61,     ,    4,   10,  187,    0,    0,10302,   74,     ,   67,     ,    5,    0,    0,    0,    0,    0
348,20180321,   11,  290,   30,   40,   60,   68,     ,   13,    7,  176,    0,    0,10300,   77,     ,   68,     ,    5,    0,    0,    0,    0,    0
348,20180321,   12,  260,   40,   40,   70,   76,  -54,   13,    6,  180,    0,    0,10295,   80,     ,   64,    0,    7,    0,    0,    0,    0,    0
348,20180321,   13,  280,   60,   50,   80,   69,     ,   19,    4,  138,    0,    0,10292,   75,     ,   70,     ,    5,    0,    0,    0,    0,    0
348,20180321,   14,  310,   40,   40,   70,   66,     ,   16,    2,   90,    0,    0,10288,   75,     ,   70,     ,    5,    0,    0,    0,    0,    0
348,20180321,   15,  280,   50,   60,   90,   74,     ,   -5,    7,  134,    0,    0,10282,   80,     ,   57,     ,    5,    0,    0,    0,    0,    0
348,20180321,   16,  290,   60,   60,   90,   68,     ,   -7,   10,  101,    0,    0,10278,   77,     ,   59,     ,    5,    0,    0,    0,    0,    0
348,20180321,   17,  280,   50,   40,   80,   56,     ,    2,   10,   53,    0,    0,10275,   78,     ,   68,     ,    5,    0,    0,    0,    0,    0
348,20180321,   18,  270,   30,   30,   50,   26,    3,   -5,    3,   11,    0,    0,10272,   71,     ,   80,     ,    5,    0,    0,    0,    0,    0
348,20180321,   19,  250,   30,   30,   50,    5,     ,  -12,    0,    0,    0,    0,10270,   63,     ,   88,     ,    5,    0,    0,    0,    0,    0
348,20180321,   20,  220,   30,   40,   40,    9,     ,    1,    0,    0,    0,    0,10263,   56,     ,   94,   10,    7,    0,    0,    0,    0,    0
348,20180321,   21,  220,   40,   40,   60,   22,     ,    8,    0,    0,    0,    0,10255,   58,     ,   90,   10,    7,    0,    0,    0,    0,    0
348,20180321,   22,  210,   40,   40,   50,   27,     ,   13,    0,    0,    0,    0,10243,   58,     ,   90,   10,    7,    0,    0,    0,    0,    0
348,20180321,   23,  230,   60,   60,   80,   38,     ,   17,    0,    0,    0,    0,10231,   59,     ,   86,   10,    7,    0,    0,    0,    0,    0
348,20180321,   24,  240,   70,   70,  100,   43,  -21,   22,    0,    0,    0,    0,10227,   59,     ,   85,   10,    7,    0,    0,    0,    0,    0
348,20180322,    1,  230,   60,   60,   90,   41,     ,   27,    0,    0,    0,   -1,10216,   57,     ,   90,   57,    7,    0,    1,    0,    0,    0
348,20180322,    2,  220,   40,   40,   70,   43,     ,   29,    0,    0,    0,   -1,10205,   58,     ,   90,   23,    7,    0,    1,    0,    0,    0
348,20180322,    3,  240,   60,   70,   90,   49,     ,   29,    0,    0,    0,    0,10194,   59,     ,   87,   10,    7,    0,    0,    0,    0,    0
348,20180322,    4,  250,   60,   50,   90,   44,     ,   36,    0,    0,    7,    8,10189,   38,     ,   94,   81,    7,    0,    1,    0,    0,    0
348,20180322,    5,  250,   60,   70,  100,   46,     ,   39,    0,    0,    7,   12,10179,   30,     ,   95,   58,    7,    0,    1,    0,    0,    0
348,20180322,    6,  250,   70,   70,   90,   48,   38,   43,    0,    0,   10,    7,10173,   56,     ,   96,   58,    7,    0,    1,    0,    0,    0
348,20180322,    7,  260,   60,   60,   90,   52,     ,   49,    0,    4,    6,    3,10168,   22,     ,   98,   61,    7,    0,    1,    0,    0,    0
348,20180322,    8,  280,   60,   60,  110,   60,     ,   56,    0,   10,   10,    5,10166,   21,     ,   97,   52,    7,    0,    1,    0,    0,    0
348,20180322,    9,  300,   60,   60,  100,   63,     ,   59,    0,   17,    8,    3,10164,   50,     ,   97,   81,    7,    0,    1,    0,    0,    0
348,20180322,   10,  310,   60,   60,   90,   66,     ,   63,    0,   26,    0,   -1,10163,   31,     ,   97,   51,    7,    0,    1,    0,    0,    0
348,20180322,   11,  310,   60,   50,   90,   75,     ,   63,    0,   48,    0,   -1,10161,   58,     ,   92,   22,    7,    0,    1,    0,    0,    0
348,20180322,   12,  310,   60,   60,   90,   86,   46,   62,    5,  149,    0,    0,10158,   60,     ,   85,    0,    7,    0,    0,    0,    0,    0
348,20180322,   13,  320,   70,   60,  100,   90,     ,   55,    7,  163,    0,    0,10155,   66,     ,   78,     ,    5,    0,    0,    0,    0,    0
348,20180322,   14,  310,   60,   50,   80,   87,     ,   50,    5,  119,    0,    0,10152,   67,     ,   77,     ,    5,    0,    0,    0,    0,    0
348,20180322,   15,  310,   60,   60,   90,   78,     ,   50,    8,  143,    0,    0,10149,   65,     ,   82,     ,    5,    0,    0,    0,    0,    0
348,20180322,   16,  310,   60,   50,   80,   71,     ,   58,    4,   59,    0,    0,10148,   60,     ,   91,     ,    5,    0,    0,    0,    0,    0
348,20180322,   17,  320,   50,   40,   80,   69,     ,   55,    0,   20,    0,    0,10147,   60,     ,   90,     ,    5,    0,    0,    0,    0,    0
348,20180322,   18,  300,   30,   20,   50,   65,   56,   55,    3,    6,    0,    0,10146,   59,     ,   93,   10,    7,    0,    0,    0,    0,    0
348,20180322,   19,  260,   20,   20,   30,   62,     ,   53,    0,    0,    0,    0,10144,   57,     ,   93,   10,    7,    0,    0,    0,    0,    0
348,20180322,   20,  260,   30,   20,   40,   62,     ,   53,    0,    0,    0,    0,10139,   57,     ,   93,   10,    7,    0,    0,    0,    0,    0
348,20180322,   21,  230,   20,   30,   30,   63,     ,   55,    0,    0,    0,    0,10137,   43,     ,   94,   10,    7,    0,    0,    0,    0,    0
348,20180322,   22,  230,   30,   30,   50,   60,     ,   58,    0,    0,    0,    0,10132,   18,     ,   98,   10,    7,    0,    0,    0,    0,    0
348,20180322,   23,  200,   30,   30,   40,   62,     ,   59,    0,    0,    0,    0,10124,   17,     ,   98,   10,    7,    0,    0,    0,    0,    0
348,20180322,   24,  230,   40,   40,   60,   59,   55,   51,    0,    0,    0,    0,10116,   50,     ,   95,   10,    7,    0,    0,    0,    0,    0
348,20180323,    1,  230,   50,   60,   70,   59,     ,   48,    0,    0,    0,    0,10111,   56,     ,   92,   10,    7,    0,    0,    0,    0,    0
348,20180323,    2,  230,   50,   40,   70,   58,     ,   41,    0,    0,    0,    0,10104,   61,     ,   89,     ,    5,    0,    0,    0,    0,    0
348,20180323,    3,  230,   40,   40,   60,   55,     ,   39,    0,    0,    0,    0,10099,   60,     ,   89,     ,    5,    0,    0,    0,    0,    0
348,20180323,    4,  220,   40,   40,   60,   54,     ,   38,    0,    0,    0,    0,10094,   59,     ,   89,   10,    7,    0,    0,    0,    0,    0
348,20180323,    5,  210,   40,   40,   60,   47,     ,   31,    0,    0,    0,    0,10088,   60,     ,   89,     ,    5,    0,    0,    0,    0,    0
348,20180323,    6,  200,   40,   40,   50,   45,   36,   30,    0,    1,    0,    0,10083,   61,     ,   89,     ,    5,    0,    0,    0,    0,    0
348,20180323,    7,  200,   40,   50,   70,   50,     ,   29,    0,    8,    0,    0,10078,   64,     ,   86,     ,    5,    0,    0,    0,    0,    0
348,20180323,    8,  210,   60,   60,   80,   53,     ,   25,    0,   20,    0,    0,10075,   67,     ,   81,     ,    5,    0,    0,    0,    0,    0
348,20180323,    9,  200,   70,   90,  110,   55,     ,    7,    0,   28,    0,    0,10070,   75,     ,   71,     ,    5,    0,    0,    0,    0,    0
348,20180323,   10,  200,   90,   80,  120,   64,     ,   19,    0,   86,    0,    0,10061,   73,     ,   72,     ,    5,    0,    0,    0,    0,    0
348,20180323,   11,  200,   80,   80,  120,   64,     ,   14,    0,  108,    0,    0,10054,   69,     ,   70,     ,    5,    0,    0,    0,    0,    0
348,20180323,   12,  190,   70,   70,  110,   70,   43,   18,    0,   99,    0,    0,10048,   79,     ,   69,     ,    5,    0,    0,    0,    0,    0
348,20180323,   13,  200,   80,   80,  100,   71,     ,   18,    0,   84,    0,    0,10040,   75,     ,   68,     ,    5,    0,    0,    0,    0,    0
348,20180323,   14,  200,   70,   70,  110,   70,     ,   24,    0,   53,    0,   -1,10038,   72,     ,   72,   22,    7,    0,    1,    0,    0,    0
348,20180323,   15,  190,   60,   60,  100,   71,     ,   29,    0,   40,    0,    0,10033,   69,     ,   74,    0,    7,    0,    0,    0,    0,    0
348,20180323,   16,  190,   70,   60,  100,   72,     ,   33,    0,   30,    0,    0,10027,   66,     ,   76,     ,    5,    0,    0,    0,    0,    0
348,20180323,   17,  200,   60,   60,   90,   69,     ,   36,    0,   16,    0,    0,10024,   63,     ,   79,     ,    5,    0,    0,    0,    0,    0
348,20180323,   18,  190,   50,   50,   80,   68,   65,   37,    0,    4,    0,    0,10022,   63,     ,   80,    0,    7,    0,    0,    0,    0,    0
348,20180323,   19,  170,   40,   40,   60,   64,     ,   37,    0,    0,    0,    0,10023,   65,     ,   82,     ,    5,    0,    0,    0,    0,    0
348,20180323,   20,  170,   40,   40,   50,   64,     ,   39,    0,    0,    0,    0,10021,   63,     ,   83,     ,    5,    0,    0,    0,    0,    0
348,20180323,   21,  160,   40,   40,   60,   64,     ,   40,    0,    0,    0,    0,10020,   61,     ,   84,     ,    5,    0,    0,    0,    0,    0
348,20180323,   22,  160,   40,   40,   60,   62,     ,   39,    0,    0,    0,    0,10019,   61,     ,   85,     ,    5,    0,    0,    0,    0,    0
348,20180323,   23,  160,   30,   30,   50,   62,     ,   37,    0,    0,    0,    0,10015,   61,     ,   84,     ,    5,    0,    0,    0,    0,    0
348,20180323,   24,  160,   40,   40,   60,   61,   56,   36,    0,    0,    0,    0,10013,   62,     ,   84,     ,    5,    0,    0,    0,    0,    0
348,20180324,    1,  150,   40,   30,   50,   58,     ,   36,    0,    0,    0,    0,10012,   62,     ,   85,     ,    5,    0,    0,    0,    0,    0
348,20180324,    2,  150,   30,   30,   50,   57,     ,   36,    0,    0,    0,    0,10011,   61,     ,   86,     ,    5,    0,    0,    0,    0,    0
348,20180324,    3,  130,   20,   20,   40,   56,     ,   35,    0,    0,    0,    0,10010,   61,     ,   86,     ,    5,    0,    0,    0,    0,    0
348,20180324,    4,  100,   20,   20,   30,   54,     ,   35,    0,    0,    0,    0,10011,   60,     ,   87,     ,    5,    0,    0,    0,    0,    0
348,20180324,    5,   90,   20,   20,   40,   54,     ,   35,    0,    0,    0,    0,10012,   59,     ,   87,   10,    7,    0,    0,    0,    0,    0
348,20180324,    6,  110,   20,   20,   40,   51,   49,   34,    0,    1,    0,    0,10014,   58,     ,   88,   10,    7,    0,    0,    0,    0,    0
348,20180324,    7,  120,   30,   30,   40,   55,     ,   38,    0,   12,    0,    0,10019,   59,     ,   88,   10,    7,    0,    0,    0,    0,    0
348,20180324,    8,  140,   30,   30,   50,   66,     ,   35,    0,   41,    0,    0,10023,   64,     ,   81,     ,    5,    0,    0,    0,    0,    0
348,20180324,    9,  150,   30,   40,   60,   75,     ,   36,    1,   77,    0,    0,10026,   67,     ,   76,     ,    5,    0,    0,    0,    0,    0
348,20180324,   10,  140,   40,   40,   70,   80,     ,   31,    0,   82,    0,    0,10029,   69,     ,   71,     ,    5,    0,    0,    0,    0,    0
348,20180324,   11,  150,   40,   30,   60,   83,     ,   28,    0,   77,    0,    0,10029,   68,     ,   68,     ,    5,    0,    0,    0,    0,    0
348,20180324,   12,  140,   30,   20,   50,   88,   49,   24,    0,   74,    0,    0,10028,   71,     ,   64,     ,    5,    0,    0,    0,    0,    0
348,20180324,   13,  110,   20,   20,   60,   98,     ,   25,    3,  145,    0,    0,10026,   78,     ,   60,     ,    5,    0,    0,    0,    0,    0
348,20180324,   14,   70,   20,   40,   60,  106,     ,   29,   10,  205,    0,    0,10024,   80,     ,   59,     ,    5,    0,    0,    0,    0,    0
348,20180324,   15,   80,   20,   20,   50,  111,     ,   26,    7,  127,    0,    0,10024,   79,     ,   55,     ,    5,    0,    0,    0,    0,    0
348,20180324,   16,   90,   20,   20,   50,  109,     ,   24,    3,   54,    0,    0,10026,   79,     ,   55,     ,    5,    0,    0,    0,    0,    0
348,20180324,   17,   40,   30,   30,   50,   99,     ,   40,   10,   61,    0,    0,10028,   75,     ,   66,     ,    5,    0,    0,    0,    0,    0
348,20180324,   18,   20,   40,   40,   60,   75,   64,   31,    3,   13,    0,    0,10035,   66,     ,   73,     ,    5,    0,    0,    0,    0,    0
348,20180324,   19,   20,   40,   40,   50,   64,     ,   26,    0,    0,    0,    0,10039,   69,     ,   76,     ,    5,    0,    0,    0,    0,    0
348,20180324,   20,  360,   30,   30,   50,   36,     ,   16,    0,    0,    0,    0,10044,   62,     ,   86,     ,    5,    0,    0,    0,    0,    0
348,20180324,   21,   20,   30,   30,   40,   50,     ,   25,    0,    0,    0,    0,10046,   63,     ,   83,     ,    5,    0,    0,    0,    0,    0
348,20180324,   22,   20,   30,   30,   50,   40,     ,   23,    0,    0,    0,    0,10047,   60,     ,   88,     ,    5,    0,    0,    0,    0,    0
348,20180324,   23,   20,   30,   30,   40,   32,     ,   23,    0,    0,    0,    0,10046,   50,     ,   93,   10,    7,    0,    0,    0,    0,    0
348,20180324,   24,   20,   20,   20,   30,   21,   -1,   18,    0,    0,    0,    0,10046,   24,     ,   98,   10,    7,    0,    0,    0,    0,    0
348,20180325,    1,   60,   20,   20,   30,   24,     ,   21,    0,    0,    0,    0,10047,   14,     ,   98,   10,    7,    0,    0,    0,    0,    0
348,20180325,    2,   50,   10,   10,   20,   13,     ,   13,    0,    0,    0,    0,10048,    3,     ,   99,   34,    7,    1,    0,    0,    0,    0
348,20180325,    3,   10,   10,   10,   20,   -1,     ,   -2,    0,    0,    0,    0,10051,    1,     ,   99,   35,    7,    1,    0,    0,    0,    1
348,20180325,    4,  360,   10,   20,   20,   -2,     ,   -3,    0,    0,    0,    0,10054,    1,     ,   99,   35,    7,    1,    0,    0,    0,    1
348,20180325,    5,  340,   20,   10,   30,   -4,     ,   -5,    0,    0,    0,    0,10059,    1,     ,   99,   35,    7,    1,    0,    0,    0,    1
348,20180325,    6,  350,   10,   10,   20,    3,  -28,    3,    0,    2,    0,    0,10065,    3,     ,   99,   32,    7,    1,    0,    0,    0,    1
348,20180325,    7,   10,   20,   10,   20,   21,     ,   19,    8,   36,    0,    0,10073,    7,     ,   98,   32,    7,    1,    0,    0,    0,    0
348,20180325,    8,  360,   10,   10,   20,   53,     ,   33,    9,   79,    0,    0,10078,   56,     ,   86,   20,    7,    1,    0,    0,    0,    0
348,20180325,    9,  350,   20,   20,   40,   80,     ,   43,   10,  139,    0,    0,10084,   59,     ,   77,    4,    7,    0,    0,    0,    0,    0
348,20180325,   10,  360,   20,   20,   40,   99,     ,   36,   10,  178,    0,    0,10087,   62,     ,   64,     ,    5,    0,    0,    0,    0,    0
348,20180325,   11,  350,   30,   30,   50,  108,     ,   43,   10,  175,    0,    0,10090,   61,     ,   63,     ,    5,    0,    0,    0,    0,    0
348,20180325,   12,  340,   30,   30,   50,  118,  -14,   34,    8,  215,    0,    0,10094,   62,     ,   56,    0,    7,    0,    0,    0,    0,    0
348,20180325,   13,  350,   30,   40,   60,  123,     ,   48,    8,  191,    0,    0,10095,   62,     ,   60,     ,    5,    0,    0,    0,    0,    0
348,20180325,   14,  360,   40,   40,   60,  115,     ,   37,    5,  132,    0,    0,10097,   61,     ,   58,     ,    5,    0,    0,    0,    0,    0
348,20180325,   15,  360,   40,   40,   60,  110,     ,   41,    2,  103,    0,    0,10099,   59,     ,   62,    4,    7,    0,    0,    0,    0,    0
348,20180325,   16,  360,   50,   40,   70,  104,     ,   37,   10,  107,    0,    0,10103,   58,     ,   63,    4,    7,    0,    0,    0,    0,    0
348,20180325,   17,   20,   40,   40,   60,   89,     ,   39,    5,   44,    0,    0,10108,   60,     ,   71,     ,    5,    0,    0,    0,    0,    0
348,20180325,   18,  360,   40,   30,   60,   78,   73,   41,    3,    8,    0,    0,10115,   62,     ,   77,     ,    5,    0,    0,    0,    0,    0
348,20180325,   19,  350,   30,   30,   40,   65,     ,   42,    0,    0,    0,    0,10124,   59,     ,   85,   10,    7,    0,    0,    0,    0,    0
348,20180325,   20,  330,   30,   30,   50,   58,     ,   38,    0,    0,    0,    0,10129,   57,     ,   86,   10,    7,    0,    0,    0,    0,    0
348,20180325,   21,  320,   20,   20,   50,   39,     ,   27,    0,    0,    0,    0,10134,   48,     ,   92,   10,    7,    0,    0,    0,    0,    0
348,20180325,   22,  320,   20,   40,   50,   31,     ,   29,    0,    0,    0,    0,10137,    0,     ,   98,   34,    7,    1,    0,    0,    0,    0
348,20180325,   23,  340,   30,   30,   50,   32,     ,   32,    0,    0,    0,    0,10138,    1,     ,   99,   32,    7,    1,    0,    0,    0,    0
348,20180325,   24,  330,   30,   20,   40,   27,   10,   27,    0,    0,    0,    0,10138,    1,     ,   99,   33,    7,    1,    0,    0,    0,    0
348,20180326,    1,  310,   20,   20,   30,   17,     ,   16,    0,    0,    0,    0,10143,    1,     ,   99,   33,    7,    1,    0,    0,    0,    0
348,20180326,    2,  300,   10,   10,   20,   13,     ,   12,    0,    0,    0,    0,10146,    1,     ,   99,   33,    7,    1,    0,    0,    0,    0
348,20180326,    3,  250,   10,   10,   20,   10,     ,   10,    0,    0,    0,    0,10146,    0,     ,   99,   34,    7,    1,    0,    0,    0,    0
348,20180326,    4,  280,   10,   10,   20,    7,     ,    6,    0,    0,    0,    0,10151,    1,     ,   99,   32,    7,    1,    0,    0,    0,    0
348,20180326,    5,  250,   10,   10,   10,   -1,     ,   -1,    0,    0,    0,    0,10154,    1,     ,   99,   35,    7,    1,    0,    0,    0,    1
348,20180326,    6,  250,   10,   10,   20,    5,   -3,    4,    0,    2,    0,    0,10160,    1,     ,   99,   33,    7,    1,    0,    0,    0,    1
348,20180326,    7,  180,   10,   10,   20,   24,     ,   24,    0,   20,    0,    0,10161,    1,     ,   99,   33,    7,    1,    0,    0,    0,    0
348,20180326,    8,  250,   20,   20,   40,   35,     ,   35,    0,   42,    0,    0,10167,    1,     ,   99,   33,    7,    1,    0,    0,    0,    0
348,20180326,    9,  280,   20,   10,   40,   54,     ,   51,    4,   98,    0,    0,10168,   37,     ,   98,   20,    7,    1,    0,    0,    0,    0
348,20180326,   10,  990,   10,   10,   20,   80,     ,   50,    8,  167,    0,    0,10168,   62,     ,   80,     ,    7,    0,    0,    0,    0,    0
348,20180326,   11,  200,   20,   30,   40,   97,     ,   48,   10,  228,    0,    0,10168,   70,     ,   71,     ,    7,    0,    0,    0,    0,    0
348,20180326,   12,  240,   30,   40,   60,  108,    4,   31,    8,  214,    0,    0,10166,   75,     ,   59,    0,    7,    0,    0,    0,    0,    0
348,20180326,   13,  230,   40,   40,   70,  117,     ,   34,    9,  218,    0,    0,10163,   80,     ,   56,     ,    5,    0,    0,    0,    0,    0
348,20180326,   14,  240,   70,   70,  100,  119,     ,   37,   10,  219,    0,    0,10160,   81,     ,   57,     ,    5,    0,    0,    0,    0,    0
348,20180326,   15,  290,   70,   70,  100,  100,     ,   47,   10,  163,    0,    0,10165,   66,     ,   69,     ,    5,    0,    0,    0,    0,    0
348,20180326,   16,  300,   60,   60,  100,   82,     ,   39,   10,  129,    0,    0,10168,   60,     ,   74,     ,    5,    0,    0,    0,    0,    0
